Instance 0
 -0.998898  0.0296055 -0.0364659  0.0272379
 0.0301769    0.99943 -0.0152294  0.0344744
 0.0359942  -0.016313  -0.999219   0.317179
         0          0          0          1
Instance 1
   0.97375  -0.227617  0.0015531   0.116059
 -0.227585  -0.973692 -0.0114038 -0.0100942
0.00410783   0.010751  -0.999932   0.315114
         0          0          0          1
Instance 2
   0.197804    0.979692  -0.0328253    0.019231
   0.980242   -0.197685  0.00682372  -0.0632396
0.000196077  -0.0335265   -0.999438    0.318033
          0           0           0           1
