Instance 0
 -0.648616   0.756016 -0.0879822 0.00921103
  0.713488     0.6442   0.275583  0.0274577
  0.265023   0.115973  -0.957244   0.306504
         0          0          0          1
Instance 1
  0.718981   0.493076   0.489839  0.0581022
  0.595697  -0.800257 -0.0688132 0.00406129
  0.358066   0.341271  -0.869093   0.295671
         0          0          0          1
Instance 2
 -0.992175 -0.0642192  -0.107077   0.014159
-0.0514515   0.991678  -0.118014 -0.0342509
  0.113764  -0.111581  -0.987223   0.314333
         0          0          0          1
