Instance 0
 -0.952924   0.292861  0.0785632  0.0320789
  0.288827   0.955576 -0.0588057 -0.0485236
-0.0922949 -0.0333461  -0.995174   0.302112
         0          0          0          1
Instance 1
  -0.31487   0.913342  -0.258195 -0.0248154
  0.947625   0.287171  -0.139791 -0.0752461
-0.0535308  -0.288688  -0.955928   0.307223
         0          0          0          1
Instance 2
 -0.491271   0.846812   0.203875  0.0905702
  0.863169   0.504658 -0.0161905 -0.0497525
 -0.116597   0.168024  -0.978865    0.30578
         0          0          0          1
